CODE TS POS
3     -1
0     8
15     -1
4     -1
16     -1
0     7
15     -1
4     -1
16     -1
0     13
15     -1
4     -1
16     -1
0     13
28     -1
1     5
16     -1
0     11
15     -1
5     -1
16     -1
0     11
0     12
28     -1
1     6
16     -1
0     10
15     -1
4     -1
16     -1
0     9
15     -1
4     -1
16     -1
6     -1
0     10
28     -1
1     3
16     -1
8     -1
22     -1
0     8
23     -1
14     -1
27     -1
10     -1
6     -1
8     -1
22     -1
0     9
23     -1
0     10
28     -1
0     10
18     -1
0     9
16     -1
0     8
28     -1
0     8
19     -1
1     4
16     -1
7     -1
7     -1
17     -1
